0.0
0.0
0.0
0.0
0.0
0.0
0.0
0.0
0.0
0.0
0.0
0.0
0.0
0.0
0.0
0.0
0.0
0.0
0.0
0.0
0.0
0.0
0.0
0.0
0.0
0.0
0.0
0.0
0.0
0.0
0.0
0.0
0.0
0.0
0.0
0.0
0.0
0.0
0.0
0.0
0.0
0.0
0.0
0.0
0.0
0.0
0.0
0.0
0.0
0.0
0.0
0.0
0.0
0.0
0.0
0.0
0.0
0.0
0.0
0.0
0.0
0.0
0.0
0.0
0.0
0.0
0.0
0.0
0.0
0.0
0.0
0.0
0.0
0.0
0.0
0.0
0.0
0.0
0.0
0.0
0.0
0.0
0.0
0.0
5.461838245391846
5.455249786376953
5.443506240844727
5.427279472351074
5.407240390777588
5.384059429168701
5.358408451080322
5.330958843231201
5.30238151550293
5.273347854614258
5.244528770446777
5.216595649719238
5.190219402313232
5.16607141494751
5.144822597503662
5.127145290374756
5.113709449768066
5.10518741607666
5.1022491455078125
0.0
0.0
0.0
0.0
0.0
0.0
0.0
0.0
0.0
0.0
5.332695007324219
5.326857566833496
5.3186445236206055
5.308291912078857
5.29603385925293
5.282104969024658
5.266738414764404
5.2501702308654785
5.232634544372559
5.214364528656006
5.195597171783447
5.176564693450928
5.157503128051758
5.138645172119141
5.120226860046387
5.102481842041016
5.085644721984863
5.069950580596924
5.055633068084717
5.042927265167236
5.03206729888916
5.023287296295166
5.016822338104248
5.012906551361084
5.011775016784668
5.013661861419678
5.018801689147949
5.027427673339844
0.0
0.0
0.0
0.0
5.459912300109863
5.464190483093262
5.467703342437744
5.470480442047119
5.472551345825195
5.473948001861572
5.474699020385742
5.4748358726501465
5.474387168884277
5.473385810852051
5.471859455108643
5.469839096069336
5.467355728149414
5.4644389152526855
5.461118698120117
5.457427024841309
5.4533915519714355
5.449044227600098
5.444415092468262
5.439533710479736
5.434431076049805
5.429136753082275
5.42368221282959
5.41809606552124
5.412410259246826
5.40665340423584
0.0
0.0
0.0
0.0
0.0
0.0
0.0
5.444679260253906
5.445139408111572
5.446439743041992
5.448375701904297
5.450741767883301
5.453332424163818
5.455942630767822
5.458367347717285
5.460400581359863
5.4618377685546875
5.4624738693237305
5.46210241317749
5.460519313812256
5.45751953125
5.4528961181640625
5.446445465087891
5.437961101531982
0.0
0.0
0.0
0.0
0.0
0.0
0.0
0.0
0.0
5.452245712280273
5.454641342163086
5.458214282989502
5.4625701904296875
5.467313766479492
5.472048759460449
5.476379871368408
5.4799113273620605
5.482247829437256
5.482994079589844
5.481754302978516
5.478132247924805
5.471733570098877
5.462162017822266
0.0
0.0
0.0
0.0
0.0
0.0
5.2481689453125
5.246763706207275
5.23621129989624
5.218197345733643
5.194403648376465
5.166516304016113
5.136218070983887
5.105193614959717
5.075126647949219
5.047700881958008
5.024600982666016
5.007510662078857
4.998114109039307
4.998094081878662
0.0
0.0
0.0
0.0
0.0
0.0
0.0
0.0
0.0
0.0
0.0
0.0
5.3773064613342285
5.3727264404296875
5.35101842880249
5.316662311553955
5.274137496948242
5.227923393249512
5.182498931884766
5.142343997955322
5.111937046051025
5.095757484436035
0.0
0.0
0.0
0.0
0.0
0.0
0.0
0.0
0.0
0.0
0.0
0.0
0.0
0.0
0.0
0.0
0.0
5.4286580085754395
5.429763317108154
5.43101692199707
5.4323883056640625
5.433848857879639
5.435369968414307
5.436922550201416
5.438476085662842
5.440003395080566
5.441473960876465
5.442858695983887
5.444129467010498
5.445256233215332
5.44620943069458
5.446961402893066
5.447481632232666
5.447741508483887
5.447712421417236
5.447364807128906
5.44666862487793
5.445595741271973
5.444117069244385
5.442203044891357
5.43982458114624
5.436953067779541
5.433558464050293
5.429612159729004
5.425085544586182
0.0
0.0
0.0
0.0
0.0
0.0
0.0
0.0
0.0
0.0
0.0
0.0
0.0
0.0
0.0
0.0
0.0
0.0
0.0
0.0
0.0
0.0
0.0
0.0
0.0
0.0
0.0
0.0
0.0
0.0
0.0
0.0
0.0
0.0
0.0
0.0
0.0
0.0
0.0
0.0
0.0
0.0
0.0
0.0
0.0
0.0
0.0
0.0
0.0
0.0
0.0
0.0
0.0
0.0
0.0
0.0
0.0
0.0
5.4902496337890625
5.487991809844971
5.487747669219971
5.489136695861816
5.491777420043945
5.495288848876953
5.499289512634277
5.503397464752197
5.507232666015625
5.51041316986084
5.5125579833984375
5.5132856369018555
5.5122151374816895
5.508965015411377
0.0
0.0
0.0
0.0
0.0
0.0
0.0
0.0
0.0
5.31081485748291
5.295053482055664
5.269325256347656
5.236215114593506
5.198306083679199
5.158183574676514
5.1184306144714355
5.081632137298584
5.050371170043945
5.027232646942139
5.014801025390625
5.015659332275391
0.0
0.0
0.0
0.0
0.0
0.0
0.0
0.0
0.0
0.0
0.0
5.417442321777344
5.41797399520874
5.418219089508057
5.418141841888428
5.417707920074463
5.416882514953613
5.415630340576172
5.413917541503906
5.411708831787109
5.408968925476074
5.405664443969727
5.401759147644043
5.397219181060791
5.39201021194458
5.3860955238342285
5.3794426918029785
0.0
0.0
0.0
0.0
0.0
0.0
0.0
0.0
0.0
0.0
0.0
0.0
0.0
0.0
0.0
5.43208122253418
5.432364463806152
5.422784805297852
5.404986381530762
5.380614280700684
5.351314544677734
5.318732261657715
5.284512996673584
5.250302314758301
5.217744827270508
5.188486099243164
5.164172172546387
5.146448135375977
5.136959075927734
0.0
0.0
0.0
0.0
0.0
0.0
0.0
0.0
0.0
0.0
0.0
0.0
0.0
0.0
0.0
0.0
0.0
0.0
0.0
0.0
0.0
0.0
0.0
0.0
0.0
0.0
0.0
0.0
0.0
0.0
0.0
0.0
0.0
0.0
0.0
0.0
0.0
0.0
0.0
0.0
0.0
0.0
0.0
0.0
0.0
0.0
0.0
0.0
0.0
0.0
0.0
0.0
0.0
0.0
0.0
0.0
0.0
0.0
0.0
0.0
0.0
0.0
0.0
0.0
0.0
0.0
0.0
0.0
0.0
0.0
0.0
0.0
0.0
0.0
0.0
0.0
0.0
0.0
0.0
0.0
0.0
0.0
0.0
0.0
0.0
0.0
0.0
0.0
0.0
0.0
0.0
0.0
0.0
0.0
0.0
0.0
0.0
0.0
0.0
0.0
0.0
0.0
0.0
0.0
0.0
0.0
0.0
0.0
0.0
0.0
0.0
0.0
0.0
0.0
0.0
0.0
0.0
0.0
0.0
0.0
0.0
0.0
0.0
0.0
0.0
0.0
0.0
0.0
0.0
0.0
0.0
0.0
0.0
0.0
0.0
0.0
0.0
0.0
0.0
0.0
0.0
0.0
0.0
0.0
0.0
0.0
0.0
0.0
0.0
0.0
0.0
0.0
0.0
0.0
0.0
0.0
0.0
0.0
0.0
0.0
0.0
0.0
0.0
0.0
0.0
0.0
