0.0
0.0
0.0
0.0
0.0
0.0
0.0
0.0
0.0
0.0
0.0
0.0
0.0
0.0
0.0
0.0
0.0
0.0
0.0
0.0
0.0
0.0
0.0
0.0
0.0
0.0
0.0
0.0
0.0
0.0
0.0
0.0
0.0
0.0
0.0
0.0
0.0
0.0
0.0
0.0
0.0
0.0
0.0
0.0
0.0
0.0
0.0
0.0
0.0
0.0
0.0
0.0
0.0
0.0
0.0
0.0
0.0
0.0
0.0
0.0
0.0
0.0
0.0
0.0
0.0
0.0
0.0
0.0
0.0
0.0
0.0
0.0
0.0
0.0
0.0
0.0
0.0
0.0
0.0
0.0
0.0
0.0
0.0
0.0
0.0
0.0
0.0
0.0
0.0
0.0
5.281261920928955
5.231813907623291
5.190603733062744
5.157073497772217
5.130664348602295
5.11081600189209
5.0969696044921875
5.088565826416016
5.085045337677002
5.085849761962891
5.090418815612793
5.098193168640137
5.108614444732666
5.121123790740967
5.13516092300415
5.150166034698486
0.0
0.0
0.0
0.0
0.0
0.0
0.0
0.0
0.0
0.0
0.0
0.0
5.480433464050293
5.477840423583984
5.473120212554932
5.466458797454834
5.458040237426758
5.448049545288086
5.436672687530518
5.4240922927856445
5.410495758056641
5.396066665649414
5.380990028381348
5.365450859069824
5.349634647369385
5.3337249755859375
5.31790828704834
5.302368640899658
5.287290573120117
5.272860527038574
5.2592620849609375
5.24668025970459
5.235300064086914
5.225306987762451
5.216885566711426
5.2102203369140625
5.205496311187744
5.20289945602417
5.202613830566406
0.0
0.0
0.0
5.368739604949951
5.364106178283691
5.3576340675354
5.34946870803833
5.339756011962891
5.328640937805176
5.316270351409912
5.302789211273193
5.288342475891113
5.273077487945557
5.257138729095459
5.240671634674072
5.223822593688965
5.206737518310547
5.189561367034912
5.1724395751953125
5.155519008636475
5.138944625854492
5.122861385345459
5.107416152954102
5.092754364013672
5.079020977020264
5.066361904144287
5.0549235343933105
5.044851303100586
5.036289691925049
5.029386043548584
5.024285316467285
5.021132469177246
5.020074367523193
5.021256923675537
5.024824142456055
0.0
0.0
0.0
0.0
0.0
0.0
0.0
0.0
0.0
0.0
0.0
0.0
0.0
0.0
5.352806091308594
5.330232620239258
5.307759761810303
5.285506725311279
5.26359224319458
5.242136001586914
5.221256256103516
5.2010722160339355
5.181703567504883
5.163268089294434
5.145885467529297
5.129675388336182
5.114755153656006
5.101245880126953
5.089264869689941
5.07893180847168
5.070366382598877
5.063685417175293
5.0590105056762695
5.056459903717041
5.056150913238525
5.0582051277160645
5.062740325927734
0.0
0.0
0.0
0.0
0.0
0.0
0.0
5.291505336761475
5.24999475479126
5.213918685913086
5.18300199508667
5.156970024108887
5.1355462074279785
5.118454456329346
5.1054205894470215
5.096169948577881
5.090425491333008
5.087911605834961
5.088353633880615
5.091476917266846
5.097004413604736
5.104661464691162
5.11417293548584
5.12526273727417
5.137655258178711
5.151075839996338
0.0
0.0
0.0
0.0
0.0
0.0
0.0
5.3443756103515625
5.313383102416992
5.287201404571533
5.265531063079834
5.248074531555176
5.234531879425049
5.224606037139893
5.217996597290039
5.214406967163086
5.213536262512207
5.215086936950684
5.218761444091797
5.224258899688721
5.231281757354736
5.239531517028809
5.2487101554870605
5.258517742156982
5.268655776977539
0.0
0.0
0.0
0.0
0.0
0.0
0.0
5.466174602508545
5.4579877853393555
5.4438323974609375
5.424587249755859
5.401129245758057
5.374337196350098
5.345090389251709
5.31426477432251
5.282740116119385
5.251394748687744
5.221106052398682
5.192752361297607
5.16721248626709
5.145364284515381
5.128086090087891
5.1162567138671875
5.110752105712891
0.0
0.0
0.0
0.0
0.0
0.0
0.0
0.0
0.0
0.0
0.0
0.0
0.0
0.0
5.351042747497559
5.334734916687012
5.319567680358887
5.3055100440979
5.2925286293029785
5.280592918395996
5.269671440124512
5.259731769561768
5.2507429122924805
5.242672920227051
5.235489845275879
5.229161739349365
5.223658561706543
5.218946933746338
5.214995861053467
5.21177339553833
5.209249019622803
5.207388877868652
5.206162929534912
5.205538749694824
5.205485820770264
5.2059712409973145
5.206964015960693
5.208431720733643
5.210343360900879
5.212667942047119
5.215372085571289
5.2184247970581055
5.221795082092285
5.2254509925842285
5.2293596267700195
5.233490943908691
5.237812519073486
5.242292881011963
5.24690055847168
5.251603126525879
0.0
0.0
0.0
0.0
0.0
0.0
0.0
0.0
0.0
0.0
0.0
0.0
0.0
0.0
0.0
0.0
0.0
0.0
0.0
0.0
0.0
0.0
0.0
0.0
0.0
0.0
0.0
0.0
0.0
0.0
0.0
0.0
0.0
0.0
0.0
0.0
0.0
0.0
0.0
0.0
0.0
0.0
0.0
0.0
0.0
0.0
0.0
0.0
5.296365737915039
5.254729270935059
5.218017101287842
5.186035633087158
5.158587455749512
5.1354780197143555
5.11651086807251
5.1014909744262695
5.0902228355407715
5.082509994506836
5.0781569480896
5.076969146728516
5.078750133514404
5.083304405212402
5.090435981750488
5.099949359893799
5.111649990081787
5.125340461730957
0.0
0.0
0.0
0.0
0.0
5.470672130584717
5.453537464141846
5.428793907165527
5.398574352264404
5.365014553070068
5.330249309539795
5.296412944793701
5.265641689300537
5.240068435668945
5.221828937530518
0.0
0.0
0.0
0.0
0.0
0.0
5.373244285583496
5.353756904602051
5.336680889129639
5.321892738342285
5.309271812438965
5.2986979484558105
5.2900471687316895
5.283199787139893
5.278033256530762
5.27442741394043
5.272258758544922
5.271407604217529
5.271751880645752
5.27316951751709
5.275539398193359
5.278739929199219
5.282650470733643
5.2871479988098145
5.292112350463867
5.297421455383301
5.302953720092773
5.308587551116943
5.314201831817627
5.319674968719482
5.324885368347168
5.329710960388184
5.334031581878662
5.337724685668945
0.0
0.0
0.0
0.0
0.0
0.0
0.0
0.0
0.0
0.0
0.0
0.0
0.0
0.0
0.0
5.479659557342529
5.478121280670166
5.477438926696777
5.477518081665039
5.478268623352051
5.479596138000488
5.481409072875977
5.483614444732666
5.486120700836182
5.488833427429199
5.491662502288818
5.494513511657715
5.497295379638672
5.49991512298584
5.502279758453369
5.504297256469727
5.505875110626221
5.506921291351318
5.507342338562012
5.507045745849609
5.5059404373168945
5.503932952880859
5.500929832458496
5.496840953826904
0.0
0.0
0.0
0.0
0.0
0.0
0.0
0.0
0.0
0.0
0.0
0.0
0.0
0.0
0.0
0.0
5.432900428771973
5.423309803009033
5.408026218414307
5.387879371643066
5.3636956214904785
5.336305141448975
5.306535720825195
5.275213718414307
5.243168354034424
5.211228370666504
5.180221080780029
5.150973796844482
5.124316215515137
5.101075649261475
5.082080364227295
5.068158149719238
5.0601372718811035
5.0588459968566895
0.0
0.0
0.0
0.0
0.0
0.0
0.0
0.0
0.0
0.0
0.0
0.0
0.0
0.0
0.0
0.0
0.0
0.0
0.0
0.0
0.0
0.0
0.0
0.0
0.0
0.0
0.0
0.0
0.0
0.0
0.0
0.0
0.0
0.0
0.0
0.0
0.0
0.0
0.0
0.0
0.0
0.0
0.0
0.0
0.0
0.0
0.0
0.0
0.0
0.0
0.0
0.0
0.0
0.0
0.0
0.0
0.0
0.0
0.0
0.0
0.0
0.0
0.0
0.0
0.0
0.0
0.0
0.0
0.0
0.0
0.0
0.0
0.0
0.0
0.0
0.0
0.0
0.0
0.0
0.0
0.0
0.0
0.0
0.0
0.0
0.0
0.0
0.0
0.0
0.0
0.0
0.0
0.0
0.0
0.0
0.0
