0.0
0.0
0.0
0.0
0.0
0.0
0.0
0.0
0.0
0.0
0.0
0.0
0.0
0.0
0.0
0.0
0.0
0.0
0.0
0.0
0.0
0.0
0.0
0.0
0.0
0.0
0.0
0.0
0.0
0.0
0.0
0.0
0.0
0.0
0.0
0.0
0.0
0.0
0.0
0.0
0.0
0.0
0.0
0.0
0.0
0.0
0.0
0.0
0.0
0.0
0.0
0.0
0.0
0.0
0.0
0.0
0.0
0.0
0.0
0.0
0.0
0.0
0.0
0.0
0.0
0.0
0.0
0.0
0.0
0.0
0.0
0.0
0.0
0.0
0.0
0.0
0.0
0.0
0.0
0.0
0.0
0.0
0.0
0.0
0.0
0.0
0.0
0.0
0.0
0.0
0.0
0.0
5.480813503265381
5.46449613571167
5.442927837371826
5.4175825119018555
5.389934539794922
5.361459255218506
5.3336310386657715
5.307924270629883
5.28581428527832
5.268775463104248
5.25828218460083
0.0
0.0
0.0
0.0
0.0
0.0
0.0
0.0
0.0
5.3406267166137695
5.328437328338623
5.313268184661865
5.295494079589844
5.2754926681518555
5.25363826751709
5.230306148529053
5.205872535705566
5.180712699890137
5.155200481414795
5.129714012145996
5.10462760925293
5.08031702041626
5.057157516479492
5.035524368286133
5.015793323516846
4.998339653015137
4.983539581298828
4.971767902374268
4.963400840759277
4.958812713623047
4.958380699157715
4.962478160858154
4.971482753753662
0.0
0.0
0.0
0.0
0.0
0.0
0.0
0.0
0.0
0.0
0.0
0.0
0.0
0.0
0.0
0.0
0.0
5.441503524780273
5.4556403160095215
5.465241432189941
5.470634937286377
5.472148895263672
5.4701104164123535
5.464846611022949
5.456685543060303
5.445954322814941
5.432981014251709
5.418092727661133
5.40161657333374
0.0
0.0
0.0
0.0
0.0
0.0
0.0
0.0
0.0
5.338419437408447
5.313595294952393
5.293722152709961
5.278362274169922
5.267077922821045
5.2594313621521
5.254985332489014
5.253301620483398
5.253942966461182
5.256471633911133
5.2604498863220215
5.265440464019775
5.271005153656006
5.276706695556641
5.282107353210449
5.286769390106201
0.0
0.0
0.0
0.0
0.0
0.0
0.0
0.0
0.0
0.0
0.0
0.0
5.340348720550537
5.2788801193237305
5.2332987785339355
5.209843635559082
0.0
0.0
0.0
0.0
0.0
0.0
0.0
0.0
0.0
0.0
0.0
0.0
0.0
5.2924885749816895
5.252344131469727
5.180643081665039
5.098471164703369
5.026915550231934
4.987063407897949
0.0
0.0
0.0
0.0
0.0
0.0
0.0
0.0
0.0
0.0
0.0
0.0
0.0
0.0
0.0
0.0
5.457522869110107
5.457345008850098
5.450129985809326
5.436881065368652
5.418600082397461
5.3962907791137695
5.370955467224121
5.343596935272217
5.315218448638916
5.2868218421936035
5.259410858154297
5.233987808227539
5.211555480957031
5.193117141723633
5.1796746253967285
5.172231674194336
0.0
0.0
0.0
0.0
0.0
0.0
0.0
0.0
0.0
0.0
0.0
0.0
0.0
0.0
0.0
0.0
0.0
0.0
0.0
0.0
0.0
0.0
0.0
0.0
0.0
0.0
0.0
0.0
0.0
0.0
0.0
0.0
0.0
0.0
0.0
0.0
0.0
0.0
0.0
0.0
0.0
0.0
0.0
0.0
0.0
0.0
0.0
0.0
0.0
0.0
0.0
0.0
0.0
0.0
0.0
0.0
0.0
0.0
0.0
0.0
0.0
0.0
0.0
0.0
0.0
0.0
0.0
0.0
0.0
0.0
0.0
5.473496437072754
5.469804763793945
5.469620704650879
5.4721221923828125
5.47648811340332
5.481897354125977
5.487527370452881
5.492556571960449
5.496164321899414
5.497528076171875
5.49582576751709
5.490236282348633
0.0
0.0
0.0
0.0
0.0
5.461880207061768
5.448412895202637
5.426450252532959
5.398342132568359
5.3664398193359375
5.333095073699951
5.300657272338867
5.271477699279785
5.24790620803833
5.232294082641602
0.0
0.0
0.0
5.322505950927734
5.303492069244385
5.280947685241699
5.255622863769531
5.228273391723633
5.199649810791016
5.170505046844482
5.141591548919678
5.1136627197265625
5.087470054626465
5.063766956329346
5.04330587387085
5.026838302612305
5.015118598937988
5.008898735046387
5.008930206298828
5.015966892242432
0.0
0.0
0.0
0.0
0.0
0.0
0.0
5.427546501159668
5.418816089630127
5.403749942779541
5.383314609527588
5.358477592468262
5.330205917358398
5.299466609954834
5.267227649688721
5.23445463180542
5.2021164894104
5.171179294586182
5.1426100730896
5.117376327514648
5.096445083618164
5.080783367156982
5.071359157562256
5.069138050079346
0.0
0.0
0.0
0.0
0.0
0.0
0.0
0.0
0.0
0.0
0.0
0.0
0.0
0.0
0.0
0.0
0.0
5.3810882568359375
5.373641014099121
5.360476970672607
5.342429161071777
5.32033109664917
5.295015811920166
5.267316818237305
5.238068103790283
5.208102226257324
5.178252696990967
5.14935302734375
5.122236728668213
5.0977373123168945
5.076687335968018
5.059920787811279
5.048271179199219
5.042571544647217
5.0436553955078125
0.0
0.0
0.0
0.0
0.0
0.0
0.0
0.0
0.0
0.0
0.0
0.0
0.0
0.0
0.0
0.0
0.0
0.0
0.0
0.0
5.425238132476807
5.404602527618408
5.389187335968018
5.378266334533691
5.371114730834961
5.367004871368408
5.365213394165039
5.3650126457214355
5.3656768798828125
5.366480827331543
5.366698741912842
5.365604877471924
0.0
0.0
0.0
5.478886604309082
5.472476959228516
5.469507217407227
5.4693922996521
5.471545219421387
5.475382328033447
5.480319023132324
5.485768795013428
5.491147041320801
5.495870113372803
5.499350547790527
5.501003742218018
5.500246047973633
5.496490478515625
0.0
0.0
0.0
5.488866329193115
5.482120990753174
5.479286193847656
5.479538917541504
5.482053756713867
5.486008644104004
5.490578651428223
5.494939804077148
5.498268127441406
5.499739646911621
5.498530387878418
5.49381685256958
0.0
0.0
0.0
0.0
0.0
0.0
0.0
0.0
0.0
0.0
5.315896511077881
5.26969051361084
5.226090908050537
5.185751438140869
5.149326324462891
5.117469310760498
5.09083366394043
5.07007360458374
5.055842399597168
5.048795223236084
5.049584865570068
5.058864593505859
0.0
0.0
0.0
0.0
0.0
0.0
0.0
0.0
0.0
0.0
0.0
0.0
0.0
0.0
0.0
5.467716693878174
5.460535526275635
5.447046279907227
5.428173542022705
5.404842853546143
5.377978324890137
5.34850549697876
5.317349433898926
5.285433769226074
5.253684997558594
5.223026275634766
5.194385051727295
5.168683052062988
5.146847248077393
5.129802227020264
5.118472099304199
5.1137824058532715
0.0
0.0
0.0
0.0
0.0
0.0
0.0
0.0
0.0
0.0
0.0
0.0
0.0
0.0
0.0
0.0
0.0
0.0
0.0
0.0
0.0
0.0
0.0
0.0
0.0
0.0
0.0
0.0
0.0
0.0
0.0
0.0
0.0
0.0
0.0
0.0
0.0
0.0
0.0
0.0
0.0
0.0
0.0
0.0
0.0
0.0
0.0
0.0
0.0
0.0
0.0
0.0
0.0
0.0
0.0
0.0
0.0
0.0
0.0
0.0
0.0
0.0
0.0
0.0
0.0
0.0
0.0
0.0
0.0
0.0
0.0
0.0
0.0
0.0
0.0
0.0
0.0
0.0
0.0
0.0
0.0
0.0
0.0
0.0
0.0
0.0
0.0
0.0
0.0
0.0
0.0
0.0
0.0
0.0
0.0
0.0
0.0
0.0
0.0
0.0
0.0
0.0
0.0
0.0
0.0
0.0
0.0
